asdasd asda sadsas 1sada ,
0 0 0 4 0 0 4 4 0 0 4 0 0 0 -4 4 0 -4 4 4 -4 0 4 4 cube1,
11 123 21 1 3 1 23 a s 112 12a d;a z,
sdaasdasdaaaaaaaaaaaaaaa,
5 0 0 0 0 3 0 -5.83 3 5 -5.83 0 8 0 5 3 0 8 3 -5.83 8 8 -5.83 5,
0 -5 0 0 0 0 -4.85 0 1.21 -4.85 -5 1.21 1.21 -5 4.85 1.21 0 4.85 3.64 0 6.06 -3.64 -5 6.06 cube3,
incorrect data,
0 5 0 0 0 0 -5 0 0 -5 5 0 0 -5 5 0 0 5 -5 0 5 -5 -5 5 fastcube,
0 -2 0 0 0 0 -2 0 0 -2 -2 0 0 -2 2 0 0 2 -2 0 2 -2 -2 2 anotherFastcube,
1 12 11 1 1 1 1 1 1 1 1 1 1 1 1  1 1 1  1 1 1  1 1 1 1 1  1 1 1  1 1 1  1 1 1  1 1 1 1 ,
0 -3 0 0 3 0 -6 3 0 -6 -3 0 0 -3 6 0 3 6 -6 3 6 -6 -3 6 cubeOmega,
0 -3.01 0 0 4.03 0 -4.29 4.03 5.58 -4.29 -3.01 5.58 5.58 -3.01 4.29 5.58 4.03 4.29 1.29 4.03 9.87 1.29 -3.01 9.87 last,
the end,