Alina UQ2654 2 -88.67 907 332.37 701
Roma QD0856 1 -1186.09 717
Roma HM2539 2 1186.36 387 -950.0 697
Ivan FZ8962 2 -1060.37 451 645.08 41
Nina RE4559 2 475.03 617 -147.75 934
Maxim TG3936 3 -1475.3 70 -1722.42 159 -1120.72 604
Ira YW7316 1 398.88 810
Dima DK3382 3 701.71 259 -896.89 571 435.69 732
Dasha LT6197 2 1778.77 566 812.0 771
Ira OM0886 2 -494.86 974 -100.9 834
Roma FB0901 1 918.14 334
Nastya KF7953 2 554.8 149 -308.98 27
Marta AY0442 1 -607.78 340
Roma RT3225 3 1197.86 505 487.97 119 463.88 838
Sasha NE1895 3 553.75 85 688.88 529 -1111.35 133
Roma CX4568 3 -1029.95 887 -1070.68 333 -600.42 986
Dasha BU6933 2 -1592.06 808 -489.17 325
Nastya RP7578 1 -1083.29 637
Ira QX1339 3 -898.73 937 -1438.51 530 -54.64 623
Ivan GF8337 3 -1191.73 860 1122.53 37 79.09 551
Kisa KISA12 2 -500.0 244 -300.0 185 
